 24 [  4 @ 1 z  14
 24 [  2 @ 1 z  12
 24 [  1 @ 1 z  11
 35 )  1 @ 1
 36 )  2 @ 1
 38 )  4 @ 1
 39 [  9 @ 3 z   9
 39 [  3 @ 3 z  13
 39 [  5 @ 3 z  65
 48 )  9 @ 3
 52 )  3 @ 3
 52 [  3 @ 1 z  23
 52 [  7 @ 1 z  27
 52 [  8 @ 1 z  28
 75 )  3 @ 1
 79 )  7 @ 1
 79 [  7 @ 5 z  17
 79 [  3 @ 5 z  53
 79 [  4 @ 5 z  44
 80 )  8 @ 1
 86 [  6 @ 2 z   6
 86 [  2 @ 2 z  22
 86 [  1 @ 2 z  21
 92 )  6 @ 2
 96 )  7 @ 5
104 )  5 @ 3
107 )  1 @ 2
107 [  1 @ 4 z  21
107 [  5 @ 4 z  15
107 [  6 @ 4 z  16
108 )  2 @ 2
122 )  5 @ 4
123 )  6 @ 4
123 )  4 @ 5
128 )  1 @ 4
132 )  3 @ 5
132 [ 12 @ 5 z   5
132 [ 10 @ 5 z   5
132 [ 11 @ 5 z   5
137 ) 11 @ 5
137 ) 10 @ 5
137 ) 12 @ 5
